15
A (2,3)
B (4,5)
C (3,2)
D (1,3)
E (5,4)
F (5,6)
G (10,8)
H (8,9)
I (11,12)
J (13,4)
K (-1,3)
L (4,9)
M (9,10)
N (11,12)
O (-4,9)
0 0 0 0 0 0 1 0 0 0 0 0 0 0 1
0 0 1 0 0 0 0 1 0 0 0 0 0 0 1
0 1 0 0 0 0 0 0 0 1 0 0 0 0 0
0 0 0 0 1 0 0 0 0 0 0 1 0 0 0
0 0 0 1 0 1 0 0 0 0 0 0 1 0 0
0 0 0 0 1 0 1 0 0 0 1 0 0 0 0
1 0 0 0 0 1 0 0 0 0 0 0 0 1 0
0 1 0 0 0 0 0 0 1 0 0 0 0 1 0
0 0 0 0 0 0 0 1 0 1 1 0 0 0 0
0 0 1 0 0 0 0 0 1 0 0 1 0 0 0
0 0 0 0 0 1 0 0 1 0 0 0 1 0 0 
0 0 0 1 0 0 0 0 0 1 0 0 0 0 0
0 0 0 0 1 0 0 0 0 0 1 0 0 0 0
0 0 0 0 0 0 1 1 0 0 0 0 0 0 0
1 1 0 0 0 0 0 0 0 0 0 0 0 0 0